Fixed1: 13 30 24 6 8
Fixed2: 29 4 20 9 14
Random1: 15 11 3 27 22
Random2: 19 10 28 5 17

5 4 3 2 1
5 2 3 1 4
2 3 5 1 4
4 2 1 5 3
4 2 3 1 5
5 3 4 2 1
1 4 3 2 5
3 5 2 1 4
4 5 2 3 1
4 1 5 2 3
5 4 3 1 2
3 1 5 4 2
2 5 3 1 4
4 1 5 3 2
3 1 2 5 4
1 5 2 3 4
2 3 4 1 5
1 4 5 3 2
3 5 4 1 2
1 3 2 5 4
2 5 1 3 4
3 4 5 1 2
2 4 5 1 3
4 3 2 1 5
1 4 5 2 3
3 5 1 2 4
4 2 1 3 5
2 4 3 1 5
2 5 3 4 1
5 4 2 3 1
2 4 1 5 3
2 5 1 4 3
2 4 5 3 1
2 4 1 3 5
3 4 5 2 1
2 3 1 5 4
1 2 5 4 3
5 3 4 1 2
3 2 1 4 5
4 1 3 2 5
2 3 4 5 1
1 4 3 5 2
2 3 5 4 1
4 1 2 3 5
5 1 3 4 2
2 1 3 5 4
2 1 3 4 5
5 4 1 2 3
1 3 4 2 5
5 4 1 3 2
4 2 3 5 1
3 2 4 5 1
4 5 3 1 2
4 5 1 3 2
1 5 4 3 2
5 2 3 4 1
4 3 1 2 5
4 5 1 2 3
5 1 2 4 3
4 1 3 5 2
2 5 4 3 1
3 4 2 1 5
4 3 5 1 2
5 1 4 3 2
4 2 5 3 1
3 2 5 4 1
5 1 4 2 3
3 5 4 2 1
5 2 1 4 3
2 3 1 4 5
2 1 5 4 3
3 5 2 4 1
1 2 5 3 4
5 2 1 3 4
1 5 2 4 3
4 2 5 1 3
3 4 2 5 1
5 3 1 2 4
2 1 4 5 3
3 1 4 2 5
4 3 1 5 2
4 5 2 1 3
1 2 4 3 5
1 3 5 4 2
5 3 2 4 1
3 2 5 1 4
5 1 2 3 4
2 1 5 3 4
3 2 4 1 5
2 5 4 1 3
1 2 3 4 5
3 1 5 2 4
1 3 4 5 2
4 1 2 5 3
3 4 1 5 2
3 5 1 4 2
5 2 4 3 1
1 4 2 3 5
5 3 1 4 2
4 3 5 2 1
5 3 2 1 4
3 1 2 4 5
4 5 3 2 1
3 2 1 5 4
1 3 2 4 5
1 5 4 2 3
2 4 3 5 1
5 2 4 1 3
1 5 3 4 2
3 1 4 5 2
3 4 1 2 5
1 2 4 5 3
1 5 3 2 4
5 4 2 1 3
2 1 4 3 5
1 4 2 5 3
4 3 2 5 1
1 3 5 2 4
5 1 3 2 4
1 2 3 5 4

4 1 2 5 3
5 1 2 3 4
2 1 5 3 4
5 1 2 4 3
3 4 2 1 5
4 1 5 2 3
3 2 1 4 5
5 1 4 2 3
5 3 4 1 2
3 1 5 4 2
1 5 4 3 2
3 5 1 4 2
5 3 1 4 2
5 2 4 3 1
2 1 4 5 3
1 3 4 2 5
5 4 1 2 3
4 2 5 3 1
1 4 2 5 3
4 3 2 1 5
2 5 1 4 3
5 1 3 2 4
3 4 5 2 1
1 2 5 4 3
4 5 2 3 1
1 2 5 3 4
3 1 5 2 4
2 3 1 5 4
3 5 2 1 4
5 1 3 4 2
5 2 3 1 4
2 4 1 5 3
1 5 2 4 3
3 1 4 2 5
3 4 1 5 2
4 1 5 3 2
5 2 3 4 1
1 4 3 2 5
2 3 5 1 4
1 3 2 5 4
2 3 1 4 5
3 1 2 5 4
4 2 5 1 3
3 4 1 2 5
4 3 1 5 2
5 2 1 4 3
4 3 5 1 2
5 3 1 2 4
5 1 4 3 2
1 3 5 2 4
4 1 3 2 5
1 3 4 5 2
3 5 1 2 4
4 5 3 2 1
3 5 4 1 2
3 5 4 2 1
2 5 3 1 4
5 2 1 3 4
4 2 3 1 5
2 3 4 5 1
2 5 1 3 4
3 1 4 5 2
4 5 2 1 3
5 3 2 1 4
1 2 3 5 4
1 2 4 3 5
5 2 4 1 3
2 4 3 5 1
4 5 1 2 3
2 1 3 4 5
5 3 2 4 1
5 4 2 1 3
1 3 2 4 5
1 2 3 4 5
2 5 4 1 3
4 5 1 3 2
5 4 2 3 1
4 2 1 3 5
4 3 1 2 5
1 5 3 2 4
3 2 1 5 4
1 3 5 4 2
4 5 3 1 2
2 4 5 3 1
1 4 3 5 2
4 1 2 3 5
5 4 1 3 2
4 3 2 5 1
1 5 2 3 4
3 5 2 4 1
4 1 3 5 2
1 4 2 3 5
3 2 4 5 1
3 4 2 5 1
2 3 4 1 5
3 2 5 1 4
2 4 1 3 5
2 4 3 1 5
5 4 3 1 2
4 2 1 5 3
5 4 3 2 1
1 4 5 3 2
3 2 4 1 5
2 1 3 5 4
2 1 4 3 5
2 4 5 1 3
1 4 5 2 3
4 2 3 5 1
3 2 5 4 1
1 5 3 4 2
1 2 4 5 3
2 5 3 4 1
5 3 4 2 1
4 3 5 2 1
3 1 2 4 5
1 5 4 2 3
2 1 5 4 3
2 5 4 3 1
3 4 5 1 2
2 3 5 4 1

202 42 112 41 133
44 92 187 206 67
120 71 69 134 108
128 216 50 186 173
55 107 160 100 219
15 56 166 60 39
89 161 135 141 4
18 131 77 140 84
218 10 22 190 32
111 152 117 45 73
11 105 7 65 212
95 102 165 16 181
24 72 83 58 179
169 153 136 78 48
98 85 213 168 103
205 13 91 36 183
210 46 132 109 194
75 148 1 86 97
122 31 9 204 116
150 82 129 3 162
113 93 184 147 145
175 130 215 208 156
106 192 159 47 37
5 30 126 144 188
172 167 151 209 54
124 81 21 61 142
127 180 178 191 80
99 8 193 6 2
200 28 158 43 17
94 182 214 164 121
189 38 195 114 196
12 29 199 171 51
27 110 59 174 101
203 90 79 137 62
34 207 138 66 177
217 118 33 53 14
26 49 143 123 64
74 185 57 154 63
163 20 88 176 104
155 40 119 19 149
68 146 125 201 96
220 87 52 23 197
70 115 198 170 25
139 211 35 76 157
